2025-05-04 21:45:18.2307|DEBUG|Program|location of wsfscservice is: C:\Users\bence\.nuget\packages\websharper.fsharp\9.0.0.547\tools\net8.0\win-x64 (server side)
2025-05-04 21:45:18.2307|DEBUG|Program|pipename is: 24d286331b77927b98e28df748e654a2 (server side)
2025-05-04 21:45:18.2413|DEBUG|Program|Compiling C:\Users\bence\MemoryGameSPA\MemoryGameSPA.fsproj
2025-05-04 21:45:21.5276|TRACE|Program|Server sends: n: F# compilation: 00:00:03.3012952
2025-05-04 21:45:22.3594|TRACE|Program|Server sends: n: Checking project: 00:00:00.8318339
2025-05-04 21:45:22.3594|TRACE|Program|Server sends: n: Waiting on merged metadata: 00:00:00.0012141
2025-05-04 21:45:22.4940|TRACE|Program|Server sends: n: Parsing with FCS: 00:00:00.1333394
2025-05-04 21:45:22.4940|TRACE|Program|Server sends: n: Analyzing function arguments: 00:00:00.0017792
2025-05-04 21:45:22.4940|TRACE|Program|Server sends: n: Resolving names: 00:00:00.0092128
2025-05-04 21:45:22.5329|TRACE|Program|Server sends: n: WebSharper translation: 00:00:00.0279159
2025-05-04 21:45:22.5329|TRACE|Program|Server sends: n: Source position transformations: 00:00:00.0035281
2025-05-04 21:45:22.5394|TRACE|Program|Server sends: n: Packaging assembly: 00:00:00.0029556
2025-05-04 21:45:22.6434|TRACE|Program|Server sends: n: Computing metadata: 00:00:00.1040511
2025-05-04 21:45:22.6535|TRACE|Program|Server sends: n: Writing reexports root.js: 00:00:00.0101144
2025-05-04 21:45:22.6822|TRACE|Program|Server sends: n: Writing MemoryGameSPA.MemoryGameSPA.Card.js: 00:00:00.0286370
2025-05-04 21:45:22.6822|TRACE|Program|Server sends: n: Writing MemoryGameSPA.MemoryGameSPA.Player.js: 00:00:00.0011390
2025-05-04 21:45:22.6822|TRACE|Program|Server sends: n: Writing MemoryGameSPA.MemoryGameSPA.GameState.js: 00:00:00.0011422
2025-05-04 21:45:22.6822|TRACE|Program|Server sends: n: Writing MemoryGameSPA.MemoryGameSPA.js: 00:00:00.0012359
2025-05-04 21:45:22.6822|TRACE|Program|Server sends: n: Writing MemoryGameSPA.Mainmodule.js: 00:00:00.0011253
2025-05-04 21:45:22.6822|TRACE|Program|Server sends: n: Writing $StartupCode_Client.js: 00:00:00.0009732
2025-05-04 21:45:22.6822|TRACE|Program|Server sends: n: Writing $EntryPoint.js: 00:00:00.0009700
2025-05-04 21:45:22.6822|TRACE|Program|Server sends: n: Writing .d.ts files: 00:00:00.0029892
2025-05-04 21:45:22.6930|TRACE|Program|Server sends: n: Hashing resources: 00:00:00.0011847
2025-05-04 21:45:22.9134|TRACE|Program|Server sends: n: Serializing metadata: 00:00:00.2204731
2025-05-04 21:45:22.9319|TRACE|Program|Server sends: n: Writing resources into assembly: 00:00:00.0185195
2025-05-04 21:45:23.1771|TRACE|Program|Server sends: n: Bundling: 00:00:00.2451418
2025-05-04 21:45:23.2462|TRACE|Program|Server sends: x: 0
